0 1
0 2
0 3
0 4
0 5
0 6
0 7
0 11
0 14
0 15
0 16
0 17
0 19
0 24
0 36
0 39
0 42
0 44
0 48
0 49
1 4
1 5
1 6
1 12
1 13
1 15
1 16
1 20
1 22
1 26
1 32
1 34
1 35
1 43
2 4
2 25
3 45
3 49
4 5
4 8
4 11
4 18
4 21
4 22
4 28
4 34
4 36
4 39
5 6
5 7
5 9
5 10
5 15
5 18
5 21
5 37
5 42
6 7
6 8
6 10
6 13
6 19
6 33
6 38
7 8
7 9
7 12
7 14
7 29
7 32
8 9
8 10
8 11
8 12
8 17
8 18
8 22
8 29
8 30
8 33
8 37
8 40
9 16
10 26
10 28
10 31
10 35
10 41
10 45
11 13
11 25
11 27
11 30
12 14
12 17
12 19
12 23
12 34
13 20
13 30
13 33
13 41
13 46
15 23
15 31
15 37
15 43
15 47
16 23
16 24
16 29
17 27
18 27
18 38
19 20
19 46
19 47
20 21
20 24
20 32
20 47
21 25
22 26
22 36
22 46
23 44
24 48
25 42
25 49
26 28
26 38
26 40
26 41
27 43
30 31
30 35
31 39
32 48
34 40
34 44
36 45
