0 2
0 8
0 10
0 13
0 20
0 27
0 28
0 42
0 45
1 19
1 40
1 41
1 46
2 3
2 27
2 29
2 34
2 37
2 39
3 14
3 19
3 30
3 37
4 1
4 12
4 29
4 35
5 8
5 12
5 25
5 43
5 46
6 3
6 4
6 31
6 49
7 26
7 33
8 2
8 15
8 24
8 28
8 36
8 44
9 20
9 29
9 41
10 3
10 12
10 15
10 19
10 28
10 29
10 39
11 4
11 10
11 45
12 1
12 10
12 13
12 21
13 0
13 15
13 20
13 22
13 47
13 48
14 18
14 30
14 31
14 35
14 43
15 2
15 41
16 34
16 43
17 19
17 20
17 26
17 32
17 41
18 0
18 27
18 48
19 26
19 36
19 41
20 0
20 11
20 15
20 21
20 34
20 39
20 47
21 4
21 5
21 10
21 20
21 27
21 33
21 34
21 36
21 45
22 7
22 13
22 15
22 16
22 48
23 6
23 12
23 21
23 22
23 39
23 42
23 48
24 6
24 8
24 9
24 17
24 23
25 11
25 15
25 19
25 21
25 37
26 6
26 7
26 43
26 49
28 1
28 2
28 7
28 19
28 20
28 30
28 37
28 46
28 48
29 8
29 16
29 25
29 30
29 32
30 7
30 12
30 19
30 26
30 36
30 37
31 19
31 24
31 38
31 44
32 1
32 14
32 41
32 42
33 7
33 8
33 25
33 41
33 47
34 13
34 29
35 6
35 20
35 23
35 32
36 39
36 44
37 6
37 23
38 0
38 12
38 15
38 42
38 45
38 47
39 7
39 13
39 21
39 23
39 26
39 28
40 1
40 2
40 18
40 21
40 24
40 30
40 45
41 26
41 42
42 10
42 45
42 46
43 5
43 13
43 15
43 19
43 25
43 42
43 46
43 47
44 4
44 6
44 11
44 12
44 16
44 24
44 37
44 46
45 5
45 9
45 16
45 25
45 27
45 33
45 43
45 48
47 2
47 15
47 20
47 27
47 39
48 23
48 32
49 3
49 23
49 25
49 35
49 36
