0 1
0 2
0 48
1 0
1 3
1 49
1 17
2 3
2 0
2 4
3 2
3 4
3 1
3 5
3 30
4 3
4 5
4 2
4 6
5 4
5 6
5 3
5 7
5 8
6 5
6 7
6 4
6 8
6 23
7 6
7 8
7 5
7 9
8 7
8 6
8 10
8 5
9 10
9 7
9 11
10 9
10 11
10 8
10 12
10 17
11 10
11 9
11 45
11 20
12 13
12 10
12 14
13 12
13 14
13 36
14 13
14 15
14 12
14 16
14 36
15 14
15 16
15 17
16 15
16 17
16 14
16 18
17 16
17 15
17 19
17 1
17 10
18 19
18 16
18 20
18 30
19 18
19 20
19 17
19 21
20 19
20 21
20 18
20 22
20 11
21 20
21 22
21 19
21 23
22 21
22 23
22 20
22 24
23 22
23 21
23 25
23 6
24 25
24 22
24 26
25 24
25 26
25 23
25 27
26 25
26 27
26 24
26 28
27 26
27 25
27 29
27 34
28 29
28 26
28 30
29 28
29 30
29 27
29 31
30 29
30 28
30 18
30 3
31 32
31 29
31 33
32 31
32 33
32 34
33 32
33 34
33 31
33 35
34 33
34 35
34 32
34 36
34 27
35 34
35 36
35 33
35 37
36 35
36 34
36 38
36 14
36 13
37 38
37 35
37 39
38 37
38 39
38 36
38 40
39 38
39 40
39 37
39 41
40 39
40 41
40 38
40 42
40 49
41 40
41 42
41 39
41 43
42 41
42 43
42 40
42 44
43 42
43 44
43 41
43 45
44 43
44 45
44 42
44 46
45 44
45 46
45 43
45 47
45 11
46 45
46 47
46 44
46 48
47 46
47 48
47 45
47 49
48 47
48 49
48 46
48 0
49 48
49 47
49 1
49 40
